10 0.3134765625 0.591796875 0.10888671875 0.189453125
10 0.7998046875 0.75146484375 0.10888671875 0.24853515625
10 0.5771484375 0.87255859375 0.10888671875 0.20703125
10 0.1884765625 0.16259765625 0.09521484375 0.13623046875
10 0.7861328125 0.16552734375 0.10009765625 0.177734375
10 0.09521484375 0.17138671875 0.0908203125 0.16552734375
10 0.4365234375 0.17138671875 0.1181640625 0.15380859375
10 0.708984375 0.23974609375 0.10009765625 0.18359375
10 0.60693359375 0.3193359375 0.1044921875 0.16552734375
10 0.49755859375 0.34326171875 0.1044921875 0.177734375
10 0.3544921875 0.37890625 0.12744140625 0.201171875
10 0.1455078125 0.05322265625 0.12744140625 0.1064453125