10 0.841796875 0.44677734375 0.11669921875 0.17041015625
10 0.25 0.525390625 0.12646484375 0.17431640625
10 0.04150390625 0.52734375 0.0830078125 0.212890625
10 0.39501953125 0.5341796875 0.12353515625 0.2255859375
10 0.896484375 0.6298828125 0.193359375 0.1533203125
10 0.6318359375 0.63818359375 0.1435546875 0.212890625
10 0.1884765625 0.787109375 0.11669921875 0.23828125
10 0.671875 0.859375 0.10986328125 0.18701171875
10 0.83349609375 0.87890625 0.17333984375 0.2001953125
10 0.25830078125 0.11083984375 0.15673828125 0.16162109375
10 0.51318359375 0.12548828125 0.16650390625 0.17431640625
10 0.0517578125 0.2041015625 0.103515625 0.263671875
10 0.87646484375 0.22998046875 0.1201171875 0.23828125
10 0.71484375 0.26171875 0.15673828125 0.166015625
10 0.6748046875 0.4189453125 0.15673828125 0.14892578125