10 0.7978515625 0.73095703125 0.1044921875 0.1953125
10 0.5771484375 0.86669921875 0.1181640625 0.18359375
10 0.1884765625 0.16845703125 0.09521484375 0.13623046875
10 0.09765625 0.17138671875 0.0771484375 0.16552734375
10 0.43408203125 0.17138671875 0.09521484375 0.15380859375
10 0.7841796875 0.17431640625 0.08642578125 0.17138671875
10 0.7021484375 0.22802734375 0.08642578125 0.15966796875
10 0.611328125 0.322265625 0.1044921875 0.15966796875
10 0.49560546875 0.33154296875 0.10888671875 0.15380859375
10 0.34765625 0.36962890625 0.11376953125 0.18359375
10 0.14111328125 0.05322265625 0.13623046875 0.1064453125
10 0.31591796875 0.5888671875 0.11376953125 0.17138671875