10 0.17626953125 0.0673828125 0.12255859375 0.11376953125
10 0.6435546875 0.73046875 0.2529296875 0.46630859375
10 0.21240234375 0.21484375 0.087890625 0.2021484375
10 0.12451171875 0.22021484375 0.08056640625 0.22265625
10 0.611328125 0.36767578125 0.095703125 0.2177734375
10 0.701171875 0.388671875 0.07666015625 0.20703125
10 0.5 0.3935546875 0.087890625 0.2177734375
10 0.36962890625 0.4013671875 0.12646484375 0.2333984375
10 0.810546875 0.4169921875 0.111328125 0.22265625
10 0.2431640625 0.4638671875 0.111328125 0.26416015625
10 0.1376953125 0.515625 0.099609375 0.25390625