10 0.95947265625 0.5439453125 0.0810546875 0.21142578125
10 0.0869140625 0.55419921875 0.158203125 0.15966796875
10 0.30908203125 0.55908203125 0.0849609375 0.169921875
10 0.43798828125 0.58251953125 0.11181640625 0.12353515625
10 0.47314453125 0.71630859375 0.13525390625 0.11328125
10 0.33984375 0.72412109375 0.1005859375 0.11865234375
10 0.0634765625 0.7373046875 0.11181640625 0.185546875
10 0.681640625 0.78369140625 0.10400390625 0.21630859375
10 0.96728515625 0.78369140625 0.0654296875 0.1650390625
10 0.80322265625 0.7861328125 0.10791015625 0.1494140625
10 0.28955078125 0.86328125 0.162109375 0.12890625
10 0.51953125 0.08740234375 0.173828125 0.0927734375
10 0.505859375 0.87646484375 0.10791015625 0.1650390625
10 0.8515625 0.9482421875 0.0888671875 0.10302734375
10 0.7607421875 0.12646484375 0.1005859375 0.21142578125
10 0.87255859375 0.1650390625 0.1005859375 0.19580078125
10 0.62744140625 0.17529296875 0.0810546875 0.1337890625
10 0.37451171875 0.2216796875 0.12353515625 0.1650390625
10 0.5 0.24755859375 0.10400390625 0.17529296875
10 0.12353515625 0.3837890625 0.1005859375 0.169921875
10 0.79150390625 0.46923828125 0.13916015625 0.1337890625
10 0.5810546875 0.47412109375 0.150390625 0.14453125