10 0.2041015625 0.4921875 0.1572265625 0.1591796875
10 0.38671875 0.0546875 0.177734375 0.109375
10 0.939453125 0.5732421875 0.12109375 0.125
10 0.5732421875 0.064453125 0.1416015625 0.12890625
10 0.13330078125 0.65869140625 0.2666015625 0.1513671875
10 0.5263671875 0.6611328125 0.18310546875 0.17822265625
10 0.74609375 0.69140625 0.22509765625 0.1328125
10 0.7958984375 0.8203125 0.2724609375 0.1171875
10 0.57568359375 0.8369140625 0.1884765625 0.13623046875
10 0.0966796875 0.85595703125 0.18310546875 0.19677734375
10 0.845703125 0.95263671875 0.19384765625 0.0947265625
10 0.48388671875 0.9580078125 0.2880859375 0.083984375
10 0.8740234375 0.19140625 0.251953125 0.1328125
10 0.646484375 0.33154296875 0.21484375 0.17822265625
10 0.86376953125 0.3447265625 0.17822265625 0.181640625