10 0.3935546875 0.52001953125 0.1337890625 0.25634765625
10 0.25 0.52001953125 0.1064453125 0.166015625
10 0.04345703125 0.52490234375 0.08642578125 0.19580078125
10 0.8916015625 0.630859375 0.18505859375 0.17578125
10 0.6318359375 0.64306640625 0.1376953125 0.201171875
10 0.18701171875 0.79150390625 0.1142578125 0.24609375
10 0.66943359375 0.85693359375 0.1103515625 0.19580078125
10 0.83642578125 0.87939453125 0.16943359375 0.201171875
10 0.26953125 0.10546875 0.16162109375 0.16064453125
10 0.517578125 0.123046875 0.17724609375 0.17578125
10 0.04736328125 0.20361328125 0.0947265625 0.25634765625
10 0.8779296875 0.2236328125 0.1181640625 0.236328125
10 0.71240234375 0.25634765625 0.15771484375 0.1708984375
10 0.67724609375 0.412109375 0.16552734375 0.140625
10 0.83642578125 0.4423828125 0.1376953125 0.16064453125