10 0.9560546875 0.2353515625 0.087890625 0.1064453125
10 0.2255859375 0.28759765625 0.095703125 0.15771484375
10 0.47265625 0.31201171875 0.1298828125 0.08203125
10 0.9501953125 0.3388671875 0.099609375 0.08203125
10 0.33984375 0.33984375 0.09130859375 0.10205078125
10 0.0751953125 0.34765625 0.1123046875 0.14453125
10 0.7451171875 0.37548828125 0.12109375 0.111328125
10 0.45458984375 0.43994140625 0.09130859375 0.12451171875
10 0.3564453125 0.46875 0.08642578125 0.1201171875
10 0.0810546875 0.4765625 0.11328125 0.08642578125
10 0.21875 0.49755859375 0.10888671875 0.1064453125
10 0.71240234375 0.50341796875 0.11328125 0.095703125
10 0.84619140625 0.51904296875 0.08984375 0.15771484375
10 0.537109375 0.58984375 0.10986328125 0.1357421875
10 0.77392578125 0.62890625 0.10986328125 0.080078125
10 0.32177734375 0.06689453125 0.13671875 0.09326171875
10 0.29541015625 0.6865234375 0.14892578125 0.0888671875
10 0.82421875 0.76123046875 0.1533203125 0.1044921875
10 0.9755859375 0.783203125 0.048828125 0.1044921875
10 0.5478515625 0.79443359375 0.095703125 0.12646484375
10 0.29541015625 0.80322265625 0.09765625 0.09130859375
10 0.474609375 0.08203125 0.111328125 0.14208984375
10 0.13037109375 0.84765625 0.13671875 0.08203125
10 0.78564453125 0.87451171875 0.1376953125 0.095703125
10 0.49658203125 0.9541015625 0.1455078125 0.091796875
10 0.29345703125 0.96337890625 0.1201171875 0.0732421875
10 0.9677734375 0.96337890625 0.064453125 0.0732421875
10 0.67236328125 0.97314453125 0.0732421875 0.05322265625
10 0.607421875 0.12890625 0.11865234375 0.07568359375